t0 : 0.0014544563280292832
per : 77.41573911516046
rp : 0.0004048471278612244
a : 426.2081712368881
inc : 77.50463888624066
ecc : 2.990931546802122
w : 2677033.8300489793
u1 : 0.06690248262436864
u2 : 0.08109505918965824






t0 : 5.77001164151925e-05
per : 31.139363802274758
rp : 0.001273351677284966
a : 465.93209019908426
inc : 93.50987976241497
ecc : 0.08549924810968357
w : 22316.294194213042
u1 : 0.21634080454861868
u2 : 0.2570637433000012






t0 : 0.008661805950954669
per : 49.873394119527454
rp : 0.0013834562307924142
a : 441.563307413927
inc : 101.32967253144867
ecc : 22.64087620148882
w : 344608.66005465935
u1 : 0.2465956509340951
u2 : 0.29916960240277035